1988 12.9 165 39.3 153 71.6 133 103.8 119 143.0 109 230.8 90
1989 18.1 255 50.9 239 95.6 215 141.3 190 192.1 165 281.2 128
1990 16.2 269 55.1 239 100.8 209 145.6 181 194.1 157 301.7 114
1991 15.5 80 58.9 69 113.5 55 148.5 42 191.9 31 296.6 17
1992 10.4 154 41.1 139 82.9 124 126.0 111 167.8 99 279.9 76
1993 14.6 118 47.4 98 101.0 82 149.1 72 179.5 60 240.5 41
1994 12.8 111 52.1 97 102.7 83 151.7 72 209.6 62 341.6 50
1995 12.3 483 47.0 447 87.1 411 124.2 376 160.2 344 233.3 281
1996 10.5 313 42.4 286 72.0 260 100.6 236 128.1 217 189.8 183
1997 11.5 106 47.0 90 87.2 75 123.4 62 150.1 51 229.2 38
1998 12.4 346 45.7 316 83.9 286 117.0 260 144.3 233 201.8 191
1999 9.3 313 37.2 289 70.2 267 106.3 245 139.7 223 211.1 182
2000 9.2 259 38.4 230 70.6 202 101.4 179 131.8 164 220.7 136