2001 1.2 338 6.0 301 9.9 262 12.7 237 15.7 217 18.8 170 20.1 128 19.0 97
2002 1.1 312 5.5 287 9.0 257 11.3 228 14.5 201 20.8 166 22.4 137 23.8 119
2003 1.6 394 5.2 362 7.9 327 9.5 291 11.6 256 14.8 197 17.0 156 20.6 125
2004 2.0 413 7.4 389 10.2 363 12.4 335 13.9 307 17.0 267 19.8 228 22.6 194
2005 1.8 642 6.9 591 10.9 534 13.4 478 15.6 429 20.1 338 20.1 264 21.8 207
2006 2.1 241 6.5 223 10.0 205 12.4 187 14.3 169 18.1 132 19.6 100 19.0 78
2007 2.1 208 8.1 177 11.0 145 14.0 116 17.9 93 23.5 62 28.6 39 30.0 23
2008 1.8 373 7.1 346 10.4 318 12.1 288 13.6 261 14.6 221 13.8 177 17.2 149
2009 1.6 144 6.4 122 11.4 98 14.9 76 17.5 61 20.6 49 19.5 38 16.6 22
2010 2.4 404 7.7 363 12.0 323 13.9 287 15.5 255 16.7 198 18.4 149 18.6 115
2011 2.8 383 6.3 339 9.7 297 12.0 260 14.4 226 16.6 176 16.2 140 16.5 113
2012 2.2 444 5.4 404 8.0 364 10.2 324 12.3 289 13.1 232 11.8 188 12.7 148
2013 1.9 196 5.3 162 7.5 131 9.3 107 10.4 83 8.0 40 9.1 22 12.6 19
2014 2.0 159 5.2 139 8.2 120 10.0 104 10.4 89 12.5 66 11.3 46 6.6 32
2015 2.2 222 5.0 202 7.4 182 9.9 159 11.4 136 15.6 96 19.6 67 20.4 49
2016 2.2 386 5.4 354 7.6 322 9.4 290 10.5 258 11.7 204 14.7 161 16.1 131
2017 2.1 407 6.1 376 8.7 341 11.0 309 12.6 280 13.3 227 14.0 185 14.4 156