1990 2.9 372 5.6 330 8.9 301 11.9 271 13.6 239 15.0 189
1991 2.9 131 5.7 112 11.3 89 16.2 68 20.4 55 22.6 38
1992 3.4 219 6.3 205 11.2 186 15.4 168 19.4 143 25.9 115
1993 2.7 185 4.9 171 8.2 154 11.1 133 14.8 115 19.3 88
1994 2.7 177 5.8 160 9.1 140 11.1 119 14.6 97 18.3 80
1995 3.0 571 5.9 540 9.1 505 11.6 469 14.2 428 17.7 359
1996 3.6 383 6.5 364 9.9 342 12.2 318 14.4 289 17.3 246
1997 2.8 127 5.6 111 9.3 95 12.3 82 14.2 71 15.9 59
1998 3.0 387 6.8 369 10.8 345 14.1 321 16.4 291 21.2 241
1999 2.5 397 6.6 369 10.7 345 13.4 320 15.7 293 19.1 241
2000 2.7 333 6.7 301 11.1 267 14.5 237 16.9 209 20.1 165