1970 18.8 55 45.2 46 84.3 34 185.8 13 253.8 3
1971 22.7 215 52.5 202 112.4 183 242.0 137 381.9 118
1972 24.9 66 70.7 66 142.3 57 390.6 38 689.2 25
1973 24.3 98 63.7 98 116.7 84 246.2 54 363.2 29
1974 17.9 110 50.3 103 97.1 89 206.5 64 348.3 42
1975 16.5 156 57.9 140 117.0 121 256.9 92 402.1 68
1976 21.8 172 62.6 158 127.9 143 285.2 113 433.0 85
1977 11.7 48 56.8 39 132.9 30 331.0 14 485.1 5
1978 18.6 137 68.5 115 144.2 101 323.5 59 423.3 33
1979 17.8 170 47.2 146 89.5 138 160.1 98 238.4 83
1980 16.4 226 59.8 199 128.6 188 273.2 140 404.8 109
1981 19.3 232 64.0 210 125.9 190 248.3 146 423.0 106
1982 17.2 64 62.3 55 131.3 45 244.6 29 271.3 21
1983 10.1 48 43.0 43 83.4 34 190.7 18 418.0 10
1984 22.4 198 66.7 180 131.7 157 265.3 122 387.4 89
1985 17.8 187 55.7 173 109.6 151 222.5 106 339.7 69
1986 21.8 83 56.6 76 107.4 66 237.5 42 383.5 27
1987 19.6 142 53.2 131 108.6 119 229.6 95 349.2 67