2001 6.0 255 41.7 217 74.1 182 100.2 153 125.1 133 187.7 99 235.4 69 315.0 48
2002 6.2 228 39.1 195 66.6 168 95.4 142 122.4 123 177.9 103 268.2 92 327.2 79
2003 6.9 310 34.6 281 57.3 251 81.8 225 107.4 202 132.4 161 160.7 129 205.8 106
2004 5.9 365 30.7 326 53.7 294 73.3 263 94.4 240 143.0 207 200.4 174 280.7 144
2005 6.0 512 31.4 453 55.2 402 77.7 359 101.2 323 150.1 243 229.4 185 316.0 130
2006 8.7 207 27.6 189 48.0 171 69.9 153 96.6 135 147.3 100 207.5 76 276.2 59
2007 7.3 150 31.4 120 50.2 91 68.0 73 86.2 60 139.6 41 144.5 25 221.5 16
2008 5.4 348 27.4 316 48.0 285 68.2 258 87.5 232 124.7 187 158.4 148 195.5 124
2009 9.4 115 32.4 93 46.0 73 57.8 59 70.1 50 111.5 40 190.2 29 289.6 19
2010 10.0 354 31.8 308 49.9 269 65.3 238 80.8 212 123.8 166 168.5 126 187.8 100
2011 10.3 349 27.3 304 42.3 268 56.2 234 69.7 201 105.0 154 163.5 123 245.0 101
2012 7.8 396 23.8 354 38.5 318 51.5 282 65.7 252 95.2 205 140.9 168 184.3 131
2013 8.3 152 29.0 122 48.7 96 70.1 74 105.3 54 132.3 23 133.5 15 146.8 13
2014 6.7 138 24.8 123 36.3 109 48.7 95 63.8 83 95.7 60 148.5 40 238.0 24
2015 7.7 173 25.5 149 42.3 129 59.5 108 81.1 90 123.7 59 193.8 40 332.1 24
2016 6.7 315 23.9 283 35.6 252 45.3 225 57.8 200 83.1 157 127.1 124 168.4 100
2017 5.3 365 19.0 340 29.1 313 39.6 285 52.8 258 83.1 213 107.7 173 151.0 150